Latitude,Longitude,Altitude,Satelites
37.638234,-7.661751,0.00,7
37.638234,-7.661751,-5.70,7
37.638207,-7.661751,-5.70,7
37.638233,-7.661732,0.10,7
37.638269,-7.661737,0.10,7
37.638188,-7.661749,0.10,7
37.638188,-7.661749,1.80,7
37.638129,-7.661751,1.80,7
37.638126,-7.661747,11.60,7
37.638153,-7.661737,11.60,7
37.638153,-7.661737,6.30,7
37.638148,-7.661731,6.30,7
37.638147,-7.661735,6.30,7
37.638148,-7.661748,5.10,7
37.638138,-7.661698,5.10,7
37.638138,-7.661698,6.50,7
37.638138,-7.661733,6.50,7
37.638133,-7.661738,9.90,7
37.638126,-7.661744,9.90,7
37.638115,-7.661749,11.40,7
37.638101,-7.661747,11.40,7
37.638101,-7.661747,16.70,7
37.638088,-7.661742,16.70,7
37.638095,-7.661736,16.70,7
37.638095,-7.661736,17.30,7
37.638100,-7.661746,17.30,7
37.638098,-7.661751,17.30,7
37.638080,-7.661777,17.40,7
37.638056,-7.661793,17.40,7
37.638056,-7.661793,29.00,7
37.638042,-7.661808,29.00,7
37.638037,-7.661808,29.00,7
37.638037,-7.661808,31.90,6
37.638034,-7.661810,31.90,6
37.638031,-7.661812,31.90,6
37.638027,-7.661815,32.40,7
37.638026,-7.661815,32.40,7
37.638026,-7.661815,32.80,7
37.638025,-7.661818,32.80,7
37.638025,-7.661818,32.40,7
37.638028,-7.661810,32.40,7
37.638028,-7.661808,32.40,7
37.638028,-7.661808,30.90,7
37.638027,-7.661810,30.90,7
37.638029,-7.661806,30.90,7
37.638029,-7.661806,28.90,6
37.638032,-7.661805,28.90,6
37.638038,-7.661802,28.20,6
37.638042,-7.661800,28.20,6
37.638043,-7.661802,28.20,6
37.638043,-7.661802,28.70,6
37.638044,-7.661803,28.70,6
37.638046,-7.661802,28.70,6
37.638048,-7.661801,28.70,6
37.638048,-7.661800,28.70,6
37.638047,-7.661799,28.70,6
37.638047,-7.661799,28.00,7
37.638048,-7.661796,28.00,7
37.638046,-7.661789,27.80,7
37.638045,-7.661787,27.80,7
37.638041,-7.661788,27.80,7
37.638041,-7.661788,25.00,7
37.638044,-7.661789,25.00,7
37.638051,-7.661792,25.00,7
37.638058,-7.661796,25.00,7
37.638051,-7.661797,25.00,7
37.638049,-7.661795,25.00,7
37.638049,-7.661795,23.50,8
37.638047,-7.661792,23.50,8
37.638052,-7.661790,23.20,8
37.638056,-7.661790,23.20,8
37.638059,-7.661789,23.20,8
37.638059,-7.661789,23.20,7
37.638060,-7.661790,23.20,7
37.638063,-7.661778,23.20,7
37.638061,-7.661775,23.20,7
37.638061,-7.661775,23.20,8
37.638055,-7.661774,23.20,8
37.638050,-7.661776,23.20,8
37.638050,-7.661776,23.90,7
37.638047,-7.661772,23.90,7
37.638044,-7.661772,23.90,7
37.638041,-7.661770,24.90,8
37.638044,-7.661779,24.90,8
37.638046,-7.661780,24.90,8
37.638041,-7.661779,24.90,8
37.638023,-7.661778,24.90,8
37.638023,-7.661778,30.90,8
37.638020,-7.661780,30.90,8
37.637998,-7.661771,30.90,8
37.637998,-7.661771,34.40,8
37.637997,-7.661778,34.40,8
37.637992,-7.661784,34.40,8
37.637968,-7.661792,37.40,7
37.637960,-7.661795,37.40,7
37.637960,-7.661795,46.00,7
37.637948,-7.661798,46.00,7
37.637937,-7.661796,46.00,7
37.637937,-7.661796,51.90,7
37.637924,-7.661794,51.90,7
37.637924,-7.661794,55.10,7
37.637921,-7.661789,55.10,7
37.637922,-7.661785,55.80,7
37.637921,-7.661784,55.80,7
37.637921,-7.661785,56.50,7
37.637911,-7.661781,56.50,7
37.637905,-7.661779,58.40,7
37.637902,-7.661779,58.40,7
37.637902,-7.661779,59.20,7
37.637894,-7.661782,59.20,7
37.637895,-7.661782,59.20,7
37.637895,-7.661782,59.80,8
37.637894,-7.661783,59.80,8
37.637890,-7.661786,59.80,8
37.637888,-7.661788,59.80,8
37.637882,-7.661781,59.80,8
37.637882,-7.661781,61.40,7
37.637881,-7.661783,61.40,7
37.637879,-7.661781,61.40,7
37.637880,-7.661779,61.40,7
37.637880,-7.661779,63.30,7
37.637867,-7.661767,63.30,7
37.637871,-7.661766,63.30,7
37.637871,-7.661766,65.30,8
37.637880,-7.661767,65.30,8
37.637889,-7.661770,65.30,8
37.637896,-7.661772,61.90,7
37.637904,-7.661775,61.90,7
37.637910,-7.661776,61.90,7
37.637921,-7.661779,61.90,7
37.637939,-7.661784,61.90,7
37.637939,-7.661784,53.30,7
37.637943,-7.661785,53.30,7
37.637954,-7.661787,53.30,7
37.637954,-7.661787,50.80,7
37.637960,-7.661789,50.80,7
37.637963,-7.661791,50.80,7
37.637947,-7.661789,49.30,7
37.637935,-7.661783,49.30,7
37.637925,-7.661780,53.50,7
37.637918,-7.661776,53.50,7
37.637918,-7.661776,56.80,7
37.637910,-7.661771,56.80,7
37.637889,-7.661766,56.80,7
37.637889,-7.661766,62.80,7
37.637878,-7.661765,62.80,7
37.637868,-7.661761,65.00,7
37.637864,-7.661761,65.00,7
37.637852,-7.661762,65.00,7
37.637852,-7.661762,71.20,7
37.637834,-7.661761,71.20,7
37.637833,-7.661764,71.20,7
37.637833,-7.661764,75.50,7
37.637826,-7.661767,75.50,7
37.637808,-7.661761,75.50,7
37.637808,-7.661761,81.30,7
37.637806,-7.661760,81.30,7
37.637802,-7.661758,82.00,7
37.637799,-7.661758,82.00,7
37.637791,-7.661765,82.00,7
37.637791,-7.661765,84.40,7
37.637780,-7.661764,84.40,7
37.637772,-7.661764,84.40,7
37.637772,-7.661764,87.50,8
37.637765,-7.661765,87.50,8
37.637763,-7.661773,87.50,8
37.637763,-7.661773,88.70,8
37.637762,-7.661774,88.70,8
37.637766,-7.661766,88.90,8
37.637773,-7.661766,86.80,8
37.637775,-7.661767,86.80,8
37.637780,-7.661767,86.80,8
37.637789,-7.661769,85.60,8
37.637794,-7.661770,85.60,8
37.637794,-7.661770,83.70,8
37.637800,-7.661770,83.70,8
37.637810,-7.661769,83.70,8
37.637810,-7.661769,81.50,8
37.637816,-7.661768,81.50,8
37.637824,-7.661769,80.50,8
37.637828,-7.661771,80.50,8
37.637834,-7.661772,80.50,8
37.637834,-7.661772,78.50,8
37.637835,-7.661774,78.50,8
37.637844,-7.661779,78.50,8
37.637847,-7.661780,78.50,8
37.637847,-7.661780,76.90,8
37.637850,-7.661781,76.90,8
37.637871,-7.661791,71.80,8
37.637877,-7.661796,71.80,8
37.637877,-7.661796,70.20,8
37.637877,-7.661796,70.20,8
37.637879,-7.661797,70.10,7
37.637881,-7.661797,70.10,7
37.637887,-7.661798,68.10,8
37.637895,-7.661800,68.10,8
37.637903,-7.661801,68.10,8
37.637910,-7.661800,68.10,8
37.637921,-7.661800,68.10,8
37.637959,-7.661799,68.10,8
37.637974,-7.661805,68.10,8
37.637974,-7.661805,46.50,8
37.637989,-7.661807,46.50,8
37.637989,-7.661807,42.20,8
37.638004,-7.661824,40.60,8
37.638007,-7.661827,39.80,8
37.638007,-7.661827,39.20,8
37.638015,-7.661834,39.20,8
37.638015,-7.661834,37.50,8
37.638023,-7.661838,37.50,8
37.638025,-7.661838,35.70,7
37.638027,-7.661839,35.70,7
37.638027,-7.661839,34.50,8
37.638027,-7.661839,34.50,8
37.638030,-7.661839,34.50,8
37.638030,-7.661839,34.50,8
37.638030,-7.661839,32.40,7
37.638029,-7.661839,32.40,7
37.638029,-7.661838,31.30,8
37.638027,-7.661837,31.30,8
37.638027,-7.661837,30.50,8
37.638024,-7.661836,30.50,8
37.638021,-7.661834,30.00,8
37.638017,-7.661833,30.00,8
37.638009,-7.661828,30.00,8
37.638009,-7.661828,28.10,8
37.638007,-7.661825,28.10,8
37.638004,-7.661823,28.10,8
37.638002,-7.661822,28.10,8
37.637999,-7.661823,28.10,8
37.637995,-7.661822,28.10,8
37.637995,-7.661822,26.30,8
37.637994,-7.661821,26.30,8
37.637990,-7.661818,26.30,8
37.637990,-7.661818,24.70,8
37.637986,-7.661818,24.70,8
37.637983,-7.661817,24.70,8
37.637982,-7.661814,23.80,8
37.637981,-7.661813,21.80,8
37.637981,-7.661813,21.80,8
37.637980,-7.661812,21.80,8
37.637980,-7.661812,21.30,8
37.637976,-7.661813,21.30,8
37.637976,-7.661813,21.30,8
37.637976,-7.661813,21.00,8
37.637976,-7.661812,21.00,8
37.637975,-7.661810,21.00,8
37.637975,-7.661810,19.60,9
37.637975,-7.661811,19.60,9
37.637973,-7.661813,19.60,9
37.637969,-7.661817,19.00,9
37.637966,-7.661817,18.60,9
37.637966,-7.661816,18.60,9
37.637965,-7.661815,18.60,9
37.637964,-7.661815,18.30,9
37.637961,-7.661816,18.30,9
37.637961,-7.661816,18.20,8
37.637958,-7.661817,18.20,8
37.637958,-7.661818,18.20,8
37.637958,-7.661818,17.70,9
37.637945,-7.661822,17.70,9
37.637943,-7.661822,17.70,9
37.637943,-7.661822,20.80,9
37.637943,-7.661821,20.80,9
37.637945,-7.661820,20.80,9
37.637942,-7.661821,20.50,9
37.637941,-7.661819,21.30,9
37.637941,-7.661819,21.30,9
37.637938,-7.661818,21.30,9
37.637940,-7.661816,21.30,9
37.637942,-7.661815,21.30,9
37.637943,-7.661816,21.30,9
37.637948,-7.661814,21.30,9
37.637952,-7.661810,21.30,9
37.637952,-7.661810,18.30,8
37.637954,-7.661810,18.30,8
37.637958,-7.661809,18.30,8
37.637958,-7.661809,16.80,8
37.637959,-7.661808,16.80,8
37.637961,-7.661806,16.80,8
37.637961,-7.661806,16.30,9
37.637966,-7.661802,16.30,9
37.637967,-7.661801,16.30,9
37.637966,-7.661801,16.30,9
37.637966,-7.661800,16.30,9
37.637966,-7.661800,14.40,8
37.637966,-7.661799,14.40,8
37.637966,-7.661798,14.40,8
37.637965,-7.661796,14.40,8
37.637964,-7.661795,14.40,8
37.637964,-7.661795,14.30,7
37.637964,-7.661794,14.30,7
37.637962,-7.661795,14.30,7
37.637963,-7.661793,14.80,7
37.637964,-7.661792,14.80,7
37.637965,-7.661793,14.80,7
37.637966,-7.661796,14.80,7
37.637966,-7.661798,14.70,7
37.637966,-7.661798,14.70,7
37.637966,-7.661798,14.90,8
37.637967,-7.661798,14.90,8
37.637967,-7.661798,14.90,8
37.637971,-7.661796,14.10,7
37.637973,-7.661798,14.10,7
37.637973,-7.661798,11.50,8
37.637977,-7.661799,11.50,8
37.637979,-7.661797,11.50,8
37.637979,-7.661797,8.90,7
37.637980,-7.661796,8.90,7
37.637982,-7.661796,8.90,7
37.637982,-7.661793,8.90,7
37.637982,-7.661792,8.90,7
37.637982,-7.661792,7.40,9
37.637985,-7.661793,7.40,9
37.637986,-7.661793,7.40,9
37.637986,-7.661790,7.20,8
37.637987,-7.661787,7.20,8
37.637987,-7.661786,7.30,8
37.637987,-7.661786,7.30,8
37.637988,-7.661787,7.50,8
37.637987,-7.661784,7.50,8
37.637986,-7.661781,7.20,8
37.637985,-7.661780,7.20,8
37.637985,-7.661780,7.20,8
37.637985,-7.661780,7.20,8
37.637984,-7.661780,7.20,8
37.637984,-7.661779,7.20,8
37.637984,-7.661779,7.50,8
37.637984,-7.661779,7.50,8
37.637984,-7.661779,7.90,8
37.637984,-7.661779,7.90,8
37.637984,-7.661780,7.90,8
37.637985,-7.661781,7.90,8
37.637985,-7.661781,7.90,8
37.637985,-7.661783,7.90,8
37.637985,-7.661783,7.10,8
37.637984,-7.661782,7.10,8
37.637984,-7.661782,6.80,8
37.637986,-7.661782,6.80,8
37.637986,-7.661782,5.90,8
37.637986,-7.661783,5.90,8
37.637986,-7.661783,5.60,8
37.637987,-7.661781,5.60,8
37.637987,-7.661781,6.20,8
37.637989,-7.661782,6.20,8
37.637989,-7.661782,6.70,8
37.637990,-7.661782,6.70,8
37.637990,-7.661782,7.20,8
37.637990,-7.661783,7.20,8
37.637990,-7.661783,7.80,8
37.637985,-7.661781,7.80,8
37.637985,-7.661781,8.70,8
37.637984,-7.661785,8.70,8
37.637984,-7.661785,9.50,8
37.637985,-7.661787,9.50,8
37.637985,-7.661787,9.60,8
37.637984,-7.661784,9.60,8
37.637984,-7.661784,9.90,8
37.637982,-7.661783,9.90,8
37.637982,-7.661783,10.10,8
37.637982,-7.661784,10.10,8
37.637982,-7.661784,10.00,8
37.637981,-7.661783,10.00,8
37.637981,-7.661783,9.80,8
37.637979,-7.661782,9.80,8
37.637979,-7.661782,9.70,8
37.637973,-7.661783,9.70,8
37.637973,-7.661783,10.00,8
37.637971,-7.661783,10.00,8
37.637971,-7.661783,9.60,8
37.637969,-7.661781,9.60,8
37.637969,-7.661781,9.10,8
37.637969,-7.661780,9.10,8
37.637969,-7.661780,8.90,8
37.637969,-7.661780,8.90,8
37.637969,-7.661780,8.90,8
37.637968,-7.661776,8.90,8
37.637968,-7.661776,9.50,8
37.637968,-7.661777,9.50,8
37.637968,-7.661777,9.80,8
37.637969,-7.661775,10.10,8
37.637969,-7.661774,10.10,8
37.637970,-7.661775,10.10,8
37.637970,-7.661776,10.90,8
37.637971,-7.661777,10.90,8
37.637971,-7.661778,10.90,8
37.637969,-7.661779,10.70,8
37.637969,-7.661779,10.70,8
37.637970,-7.661777,10.70,8
37.637970,-7.661777,11.10,8
37.637970,-7.661778,11.10,8
37.637969,-7.661779,11.10,8
37.637967,-7.661777,10.80,8
37.637966,-7.661775,10.80,8
37.637964,-7.661775,10.80,8
37.637963,-7.661775,10.80,8
37.637962,-7.661780,10.80,8
37.637962,-7.661780,10.30,8
37.637961,-7.661779,10.30,8
37.637961,-7.661777,10.30,8
37.637961,-7.661777,10.30,8
37.637962,-7.661780,10.30,8
37.637962,-7.661780,9.80,7
37.637962,-7.661780,9.70,7
37.637961,-7.661778,9.70,7
37.637961,-7.661778,9.80,7
37.637961,-7.661777,9.80,7
37.637961,-7.661777,9.80,7
37.637961,-7.661777,9.70,7
37.637959,-7.661777,9.60,7
37.637955,-7.661774,9.60,7
37.637955,-7.661774,9.50,7
37.637955,-7.661775,9.50,7
37.637957,-7.661778,8.70,7
37.637958,-7.661781,8.70,7
37.637958,-7.661782,7.70,6
37.637957,-7.661780,7.70,6
37.637957,-7.661779,7.50,7
37.637956,-7.661782,7.50,7
37.637956,-7.661782,7.50,7
37.637956,-7.661783,7.50,7
37.637956,-7.661784,7.20,7
37.637956,-7.661784,7.20,7
37.637957,-7.661784,6.90,7
37.637957,-7.661785,6.90,7
37.637957,-7.661785,6.80,7
37.637956,-7.661784,6.80,7
37.637955,-7.661782,6.80,7
37.637955,-7.661782,6.90,7
37.637955,-7.661784,6.90,7
37.637958,-7.661786,6.90,7
37.637955,-7.661785,6.90,7
37.637955,-7.661785,5.80,7
37.637952,-7.661784,5.80,7
37.637951,-7.661784,5.80,7
37.637953,-7.661784,5.80,7
37.637953,-7.661784,5.10,6
37.637954,-7.661785,5.10,6
37.637953,-7.661785,5.10,6
37.637952,-7.661782,5.10,6
37.637952,-7.661782,5.10,7
37.637951,-7.661781,5.10,7
37.637953,-7.661784,5.10,7
37.637955,-7.661785,5.10,7
37.637955,-7.661785,4.70,7
37.637957,-7.661787,4.70,7
37.637960,-7.661788,4.70,7
37.637959,-7.661786,4.70,7
37.637959,-7.661786,4.30,6
37.637957,-7.661783,4.30,6
37.637957,-7.661785,4.30,6
37.637957,-7.661785,4.20,6
37.637959,-7.661787,4.20,6
37.637961,-7.661787,4.20,6
37.637961,-7.661787,3.70,6
37.637963,-7.661787,3.70,6
37.637963,-7.661787,3.70,6
37.637963,-7.661787,3.10,7
37.637963,-7.661788,3.10,7
37.637965,-7.661789,3.10,7
37.637965,-7.661789,2.60,7
37.637966,-7.661790,2.60,7
37.637969,-7.661792,2.60,7
37.637973,-7.661794,2.60,7
37.637973,-7.661794,2.50,7
37.637975,-7.661795,2.50,7
37.637971,-7.661795,2.50,7
37.637968,-7.661795,2.50,7
37.637968,-7.661795,3.60,6
37.637967,-7.661794,3.60,6
37.637968,-7.661793,3.60,6
37.637968,-7.661793,3.60,6
37.637968,-7.661793,3.80,6
37.637968,-7.661793,3.80,6
37.637966,-7.661795,3.80,6
37.637965,-7.661794,3.80,6
37.637965,-7.661794,3.50,7
37.637964,-7.661794,3.50,7
37.637964,-7.661794,3.50,7
37.637963,-7.661796,3.50,7
37.637963,-7.661796,3.40,7
37.637962,-7.661796,3.40,7
37.637957,-7.661795,3.40,7
37.637954,-7.661794,3.40,7
37.637954,-7.661794,3.90,7
37.637955,-7.661793,3.90,7
37.637957,-7.661793,3.90,7
37.637959,-7.661794,3.90,7
37.637959,-7.661794,3.30,6
37.637960,-7.661794,3.30,6
37.637959,-7.661796,3.30,6
37.637957,-7.661798,3.30,6
37.637957,-7.661798,1.00,6
37.637958,-7.661798,1.00,6
37.637966,-7.661800,1.00,6
37.637969,-7.661801,1.00,6
37.637969,-7.661801,-1.10,6
37.637968,-7.661802,-1.10,6
37.637965,-7.661803,-1.10,6
37.637963,-7.661803,-1.10,6
37.637963,-7.661803,-2.50,6
37.637963,-7.661803,-2.50,6
37.637965,-7.661802,-2.50,6
37.637971,-7.661805,-2.50,6
37.637971,-7.661805,-4.00,6
37.637973,-7.661806,-4.00,6
37.637973,-7.661807,-4.00,6
37.637969,-7.661808,-4.00,6
37.637969,-7.661808,-5.40,6
37.637969,-7.661808,-5.40,6
37.637973,-7.661809,-5.40,6
37.637971,-7.661808,-5.40,6
37.637971,-7.661808,-5.90,7
37.637969,-7.661808,-5.90,7
37.637962,-7.661805,-5.90,7
37.637962,-7.661805,-5.90,7
37.637962,-7.661805,-5.40,7
37.637964,-7.661806,-5.40,7
37.637969,-7.661806,-5.40,7
37.637974,-7.661807,-5.40,7
37.637974,-7.661807,-4.20,7
37.637971,-7.661807,-4.20,7
37.637966,-7.661805,-4.20,7
37.637966,-7.661804,-4.20,7
37.637966,-7.661804,-3.30,7
37.637969,-7.661802,-3.30,7
37.637972,-7.661801,-3.30,7
37.637972,-7.661801,-2.10,7
37.637978,-7.661800,-2.10,7
37.637981,-7.661800,-2.10,7
37.637981,-7.661800,-1.00,7
37.637980,-7.661800,-1.00,7
37.637981,-7.661797,-1.00,7
37.637983,-7.661795,-1.00,7
37.637983,-7.661795,-0.30,6
37.637983,-7.661794,-0.30,6
37.637981,-7.661793,-0.30,6
37.637980,-7.661793,-0.30,6
37.637980,-7.661793,0.40,7
37.637979,-7.661792,0.40,7
37.637979,-7.661791,0.40,7
37.637980,-7.661790,0.40,7
37.637980,-7.661790,1.30,7
37.637976,-7.661791,1.30,7
37.637975,-7.661790,1.30,7
37.637975,-7.661790,1.50,6
37.637974,-7.661790,1.50,6
37.637976,-7.661791,1.50,6
37.637976,-7.661791,1.50,7
37.637980,-7.661790,1.50,7
37.637980,-7.661789,1.50,7
37.637980,-7.661789,1.70,7
37.637979,-7.661791,1.70,7
37.637977,-7.661793,1.70,7
37.637977,-7.661793,1.90,7
37.637980,-7.661793,1.90,7
37.637980,-7.661792,1.90,7
37.637980,-7.661792,3.00,6
37.637979,-7.661793,3.00,6
37.637975,-7.661795,3.00,6
37.637975,-7.661795,3.70,6
37.637972,-7.661795,3.70,6
37.637972,-7.661794,3.70,6
37.637972,-7.661794,4.20,6
37.637972,-7.661793,4.20,6
37.637969,-7.661793,4.20,6
37.637969,-7.661793,5.80,6
37.637968,-7.661793,5.80,6
37.637969,-7.661792,5.80,6
37.637968,-7.661790,5.80,6
37.637968,-7.661790,7.90,6
37.637968,-7.661788,7.90,6
37.637967,-7.661789,7.90,6
37.637966,-7.661790,7.90,6
37.637966,-7.661790,8.70,6
37.637967,-7.661791,8.70,6
37.637969,-7.661792,8.70,6
37.637970,-7.661792,8.70,6
37.637970,-7.661792,9.10,6
37.637971,-7.661793,9.10,6
37.637969,-7.661795,9.10,6
37.637966,-7.661794,9.10,6
37.637966,-7.661794,10.80,6
37.637966,-7.661793,10.80,6
37.637969,-7.661796,10.80,6
37.637970,-7.661796,10.80,6
37.637970,-7.661796,11.50,6
37.637969,-7.661795,11.50,6
37.637967,-7.661795,11.50,6
37.637966,-7.661794,11.50,6
37.637966,-7.661794,11.50,6
37.637965,-7.661794,11.50,6
37.637965,-7.661794,11.50,6
37.637965,-7.661794,10.40,6
37.637966,-7.661794,10.40,6
37.637963,-7.661795,10.40,6
37.637963,-7.661795,9.00,6
37.637963,-7.661794,9.00,6
37.637963,-7.661794,9.00,6
37.637963,-7.661794,7.60,6
37.637962,-7.661797,7.60,6
37.637959,-7.661799,7.60,6
37.637959,-7.661799,5.60,6
37.637958,-7.661798,5.60,6
37.637958,-7.661796,5.60,6
37.637960,-7.661796,5.60,6
37.637960,-7.661796,3.60,6
37.637961,-7.661797,3.60,6
37.637964,-7.661798,3.60,6
37.637963,-7.661797,3.60,6
37.637963,-7.661797,2.40,6
37.637962,-7.661795,2.40,6
37.637962,-7.661795,2.20,6
37.637962,-7.661796,2.20,6
37.637962,-7.661800,2.20,6
37.637965,-7.661802,2.20,6
37.637965,-7.661802,0.20,6
37.637967,-7.661800,0.20,6
37.637968,-7.661800,0.20,6
37.637969,-7.661800,-2.00,6
37.637968,-7.661799,-2.00,6
37.637968,-7.661799,-2.30,6
37.637965,-7.661799,-2.30,6
37.637961,-7.661796,-2.30,6
37.637961,-7.661796,0.20,5
37.637957,-7.661793,0.20,5
37.637955,-7.661792,0.20,5
37.637955,-7.661792,2.10,7
37.637955,-7.661791,2.10,7
37.637955,-7.661791,1.90,6
37.637955,-7.661791,1.90,6
37.637958,-7.661794,1.90,6
37.637958,-7.661794,0.30,6
37.637960,-7.661797,0.30,6
37.637960,-7.661798,0.30,6
37.637960,-7.661798,-0.60,7
37.637958,-7.661801,-0.60,7
37.637955,-7.661798,-0.60,7
37.637955,-7.661798,0.70,6
37.637952,-7.661797,0.70,6
37.637952,-7.661797,0.70,6
37.637951,-7.661796,0.70,6
37.637951,-7.661796,2.20,7
37.637951,-7.661796,2.20,7
37.637952,-7.661796,2.20,7
37.637952,-7.661796,2.20,7
37.637952,-7.661796,2.20,7
37.637951,-7.661794,2.20,7
37.637950,-7.661793,2.20,7
37.637950,-7.661793,1.70,7
37.637951,-7.661793,1.70,7
37.637951,-7.661793,1.70,7
37.637952,-7.661794,1.70,7
37.637952,-7.661794,1.00,7
37.637954,-7.661795,1.00,7
37.637954,-7.661796,1.00,7
37.637954,-7.661796,-0.20,7
37.637954,-7.661796,-0.20,7
37.637954,-7.661797,-0.90,7
37.637954,-7.661797,-0.90,7
37.637954,-7.661795,-0.90,7
37.637955,-7.661792,-0.80,7
37.637955,-7.661791,-0.80,7
37.637955,-7.661791,-0.40,7
37.637956,-7.661792,-0.40,7
37.637956,-7.661792,-0.40,7
37.637956,-7.661792,-0.40,7
37.637957,-7.661791,0.50,7
37.637958,-7.661792,0.50,7
37.637958,-7.661792,0.50,7
37.637958,-7.661791,0.50,7
37.637959,-7.661790,3.10,7
37.637961,-7.661789,3.10,7
37.637963,-7.661789,3.10,7
37.637964,-7.661790,5.30,6
37.637966,-7.661792,5.30,6
37.637966,-7.661792,6.10,7
37.637966,-7.661793,6.10,7
37.637966,-7.661793,6.10,7
37.637965,-7.661793,6.40,7
37.637964,-7.661789,6.40,7
37.637964,-7.661789,6.80,7
37.637964,-7.661789,6.70,7
37.637963,-7.661790,6.70,7
37.637963,-7.661790,6.40,7
37.637963,-7.661792,6.40,7
37.637963,-7.661792,5.60,7
37.637963,-7.661792,5.60,7
37.637964,-7.661792,4.70,7
37.637963,-7.661793,4.50,7
37.637963,-7.661793,4.20,7
37.637962,-7.661794,4.20,7
37.637962,-7.661796,4.20,7
37.637962,-7.661797,3.60,7
37.637962,-7.661798,3.60,7
37.637962,-7.661798,2.70,7
37.637961,-7.661796,2.60,7
37.637960,-7.661796,2.60,7
37.637960,-7.661796,2.40,7
37.637960,-7.661801,2.00,7
37.637960,-7.661802,2.00,7
37.637960,-7.661802,1.90,7
37.637960,-7.661803,1.80,7
37.637959,-7.661804,1.80,7
37.637959,-7.661804,1.10,7
37.637960,-7.661803,1.10,7
37.637962,-7.661798,1.10,7
37.637962,-7.661798,2.10,7
37.637960,-7.661797,2.10,7
37.637961,-7.661800,2.10,7
37.637963,-7.661807,2.10,7
